lr0: 0.00686
lrf: 0.0154
momentum: 0.95328
weight_decay: 0.00045
warmup_epochs: 2.1926
warmup_momentum: 0.8205
warmup_bias_lr: 0.1024
box: 0.07598
cls: 0.36795
cls_pw: 1.3128
obj: 0.89925
obj_pw: 1.0068
iou_t: 0.2
anchor_t: 4.6534
fl_gamma: 0.0
hsv_h: 0.01513
hsv_s: 0.64869
hsv_v: 0.48511
degrees: 0.0
translate: 0.0767
scale: 0.38724
shear: 0.0
perspective: 0.0
flipud: 0.0
fliplr: 0.5
mosaic: 0.64739
mixup: 0.0
copy_paste: 0.0
anchors: 3.5372